                     CLIMATOLOGICAL SUMMARY for year 2015


NAME: Hill Head Sailing Club, Fareham, UK                  
ELEV: 7 meters    LAT: 50-49.35 N    LONG: 001-14.47 W


                                       TEMPERATURE (C)

                              HEAT    COOL                              MAX    MAX    MIN    MIN
          MEAN   MEAN         DEG     DEG                                >=     <=     <=     <=
 YR  MO   MAX    MIN    MEAN  DAYS    DAYS      HI  DAY     LOW  DAY     30      0      0    -20
------------------------------------------------------------------------------------------------
2015 01    9.8    3.1    6.5  366.8    0.0    12.5   02    -3.4   23      0      0      6      0
2015 02    8.9    2.2    5.2  369.1    0.0    14.9   25    -1.8   02      0      0      6      0
2015 03   12.1    4.7    8.1  330.0    0.0    16.4   26     0.1   25      0      0      0      0
2015 04   14.2    6.1   10.0  248.4    0.0    19.6   15     1.7   06      0      0      0      0
2015 05   16.4    9.1   12.5  180.8    0.0    21.6   16     4.4   13      0      0      0      0
2015 06   20.8   11.6   15.9   77.3    4.3    25.9   27     6.2   10      0      0      0      0
2015 07   21.0   13.3   17.0   42.7    2.1    25.5   18     7.2   31      0      0      0      0
2015 08   20.6   13.8   17.1   40.1    1.9    24.1   16     9.1   16      0      0      0      0
2015 09   19.3   10.1   14.4  118.0    0.0    24.3   06     6.0   06      0      0      0      0
2015 10   15.8    8.5   12.5   91.1    0.0    21.2   08     4.8   14      0      0      0      0
2015 11    4.1   -4.3   10.4  177.0    0.0    14.9   16   -39.6   03      0      5      9      8
2015 12    8.0    3.5   11.6  238.1    0.0    14.3   13   -39.6   17      0      3      4      4
------------------------------------------------------------------------------------------------
          14.2    6.8   11.6 2279.6    8.4    25.9  Jun   -39.6  Nov      0      8     25     12


                  PRECIPITATION (mm)

                  MAX         ---DAYS OF RAIN---
                  OBS.               OVER
 YR  MO  TOTAL    DAY  DATE   0.30   3.00  30.00
------------------------------------------------
2015 01   19.2   11.4    20     10      1      0
2015 02   33.8    8.4    13     14      4      0
2015 03    9.2    4.2    03      6      1      0
2015 04   11.8    3.6    25      8      1      0
2015 05   26.0    9.4    14     11      3      0
2015 06   19.4   10.8    22      5      2      0
2015 07   34.0   22.4    24      7      2      0
2015 08   55.4   14.0    24     13      6      0
2015 09   37.8   11.0    13      9      3      0
2015 10   18.4    8.6    06      4      2      0
2015 11   38.6    6.2    04     16      5      0
2015 12   28.2    6.6    10     15      2      0
------------------------------------------------
         331.8   22.4   Jul    118     32      0


           WIND SPEED (m/s)

                                DOM
 YR  MO    AVG     HI   DATE    DIR
-----------------------------------
2015 01    6.3   30.0     15    237 
2015 02    4.3   20.6     22    243 
2015 03    5.8   23.2     31    245 
2015 04    4.1   17.0     11    208 
2015 05    6.4   24.6     06    227 
2015 06    5.1   23.7     02    233 
2015 07    6.1   17.9     13    234 
2015 08    4.5   21.5     26    219 
2015 09    2.0   23.7     14    172 
2015 10    0.0   10.3     10    248 
2015 11    7.5   24.1     17    248 
2015 12    9.0   28.6     31    216 
-----------------------------------
           5.3   30.0    Jan    231

